$ANSIBLE_VAULT;1.1;AES256
61353764313238353263373262323837656666343735623738373766376435373732343436646164
6362333963356338386464316137643832383465633062660a633662646135303232323732626338
37323331343730356530383030383531316466343534366461393661346533323631306466303666
3530656531353338360a623035643261316537386664383236323063386439653036373739326637
65326438396564396462613565383863393339326430646361626238306162313236336366356632
66323038323139316562336464323765353464613934323932343234353734663436333232646433
64313164653561383762343262333632626461363566666335306535636361633433316666393031
32353237366339393435623761646335393231636361306536326566373665393337643664656664
36373437643236653864313262653432346333323935663561326139646162376439666534656630
66363931643932333366363666366434383862383162336236663433643536653531313965396361
62333162623162396136643230383330363431343138323335396330366437323537643032623865
38326631313133336633396335626238633361623465646161333331353166356336623464383739
34326631393835366161613635306439323231393564383132366338343039313633393562323566
66323930333561623031623536383932313366633162623730383033653262386432626433326236
32353931383464653736623939316262333561333064666561643066633234323839386337636363
32623034303462663030396263336330636366396538623436383263643662383834653234353134
31386361316535663233386439353938313365393137373935353134343463306638396136333438
31353962393761643231393964643638653337303862633030313166343934636366333161653538
33666436303633323836306466643064333132653361313733656230356639303763663062616266
66323862316137336236333262616337356265373139643737363038393139663361313238323766
31343761346564366661653166623932643533643331343966663261393464626664323163333163
61653834653161303564306465616334353531653362383665323831396635663132653662353461
65613536366638306363333435646439303365626432393565373061643166386632623865316330
66303336646435363438366236616462333436386430373963303666316464613537306563383465
61393835613862373130343235383662316134303734316363303339303063643231656534663933
63393036393063636432396439623739663938656562346631333462326432383037373635623037
66636135643430356162343333396335663637343235633933616363636366363166613238356664
63663165376165663761663735353063643832643133656230663435383533613336353833653036
37323132653530326663343663613030333139636637613464653937316339623330393933303062
66656430376564303636393738326437613938626431373537646233363434353663383663636238
36386162643033643137383461326430376131656133366339393065306331383236643934613164
39336532383036343361363633373763333339373237353762356431616139363362353034353965
61303634323562653034306439363034343139333664656533376639343366643934343662636137
32633535336264396432663561626139356163616233613135613633646134303936313166653832
62653035326239666638646233316336386231636532383832306364656434306166343136313334
66653233653933333266666338306466373636393032663365636238313430636136386362363836
35626138333862656135333039333731353737313331373739613436646366366166396366353634
61356237386336343136393138653934313232386664343631646535383632663061336365383833
33343361316234616335663562646366383535383331653331343336613266316537353932333639
65356135656563653730663032366432353561373063646532306561663135633865653964393530
37643434613733313938373538306534363939386337366531646236323936656632376161363633
32326635323536353934646232393732633334623430616566383436386162346162356330396632
33303961356431393463666161623834333463353836616631643065366461656532336564396630
32613133333830333962363339316437393966636163363266396261373630643031326437663663
63393233643937373533613230343366623936313864656564656432343339323731356236663761
38623538323062343664303336353566396261373335326535306261326666656564653866303866
66386536333063646332373663663734353938396164643366616663613063663532396166643530
34646139623235343761323038626366363931373330363365363961383531666531366362663763
35366335613132623433623435346465306166316332323739613363636164313335356238633930
31316231636538363231303536383339663435363130386532633164613336643436386264663666
61346363343437363534636637356336396363663761373065323833333335643361613666376130
36353637363935623730346239343362613838633162316439393033303161353236393739313438
37373735666461616438653030643261373063393635303834653436653034366234663762303064
39623037633265373432303138616530373339666161333166343134623432643631383138646639
32393631356534643039313934633361633965306662633834386335653061326537396464623530
30343338613136643962383635623131306637343164663064616237343431613535346662613530
35383161663335383233653563316639313035393963383364663236393537346635623036386434
38366335343934653565636163373763613964636638623362663061623262366430663934306135
38346433373032633363646165666261333030633965366235666564383632613862393363333336
34353936623765313537393465666536626665363763663831313239393537643436336136303832
39343964633164346362356536663135336436356661323236653636363231353133386131343366
35626533393363326135616661393938396637393566333932646539383030663166383663653630
34663436663464636361643732363835326163323930656466313435396331663635356634643331
35653534303564393436323164366432626531366235336238353830653031383136623636636230
61343765313862343430303736613738653935326266663666353966643137303233383562663836
66356336373035396663643664363764626335323861633466383933386237323964303631323764
37386335386636376534316463666165653835376362356135373638343637653664373232626163
62653533316338663230363332363334613131303431363033653831383764333234363536323765
64643930646665313336663061636532353032373830626435383439383661313333646237663038
62623662663335383433653636363639636437333638313937353836303732653939313262346235
62613032326666303137303765336237366363663166333266333138316534613961643235353561
33336163613966396233656637346362326163363466373133306639663963363733373962373435
34373938343135313866333565656532326564633566333839623132613833393661306633316331
64323037393137373533303263616166643233333131616164613437616134346461323837613831
63313735656533656433616639313631336261333435323939303830623731363436373637643632
33363663376638646234366134363866666165356565336436383835333436323031613637343463
38356366363235316135666330656361363134393232633033393961363263616565323662333038
64383331653832623430336136336139366634646630396538393032663433353664663634343632
34336464326332323130383764333364353863666330306431626630363438623665303766646534
38343432326139353239663233656361306133666531636636353634393761656436343964656139
34373261366664353161396565656536663664366331346365636634613264663431333666393532
35393266383365396531663833356230356565386535363163613235393936313839393537356130
38333737323037386633316266356261623834653734616565306534303231656130346661313937
63636662323233623538616138343863303438313264646433353736393661346338383165613432
62613835316562373438363262386130373131363733356237643731396231663561373033366265
34653161363965616236633963333734383739316466383031333363336437646365346530326431
34353566393234656533633635663161613937616130396538643966316566333034313031333030
33633765313435323531386434626231316437353931653861346135323633633432613265333939
63386664393433303339653535653334366237623865333934646337343737613235613337376665
31313066376333306663343833623637333237643739636131633563623464343632646466376137
32366138323564316138666535633930393132663438326630373331346131373031386437396434
38303335343930613433623639613839616665653434333334653761326266356236316234643532
35633533396631373637383435323961316631363532663431356534636262393364393038623234
64346562353064663236343138393461636565666134656434386461346537636466353563373935
32333765376331313065336366663265363237663136623131386566313132663238393738613535
30636166646161376136666533386137623962323230333537373964643235333236613730303864
34313836643930613931356531343963316532656439343238663837613132663736383531646537
34666165643565646264313936366466656430633364613533653838303330383839626230393561
31653833323166303835373830656237396163343639333738373135616333343332633539323039
62343334613266393562363732623930373932343439623966353830663930353538373061616431
37353663653032333033303837343534386632396562333239363666633563306239633037356462
34383932313231643936643736363463643139643962613334326162333630666565636438633837
33303961393230313230383238303063653465353666313639326665306664646133613666336239
65646639646336353661613264393465616636646132626436346336643265366134326335383763
36616162643833393833303632383330396236303833346234646430623534353764313032636532
36663736643832396331633037333837663065323064326363643935636138623864636561363934
63356434373935303662366134313938353263633539336162363231666261316233633031353430
62626332656666336163313734346237356332643563653133656363306331666136313636646636
66323134633563393261646534306538303061376366393335623039393437653131343937363935
30333934613738386634313162346234356163356532626636386161643332613730303535356634
31316239666437623436663935313066663239326133323361613834373733646634363661396139
65663534663666393366353162303466346530636435613463333335346261326463653465646336
62333039306662356536303563383031616538383333326132326165333266313764363931316566
38363533376631663530316537313232326462333232383635396432653261643137326432646437
66333537336534393665323436393032326564646633656234613533353531343665356531303933
39323866396631346164346537633161616437653762336365643637656662336239616535386230
63383134313139343362373633396530363538646661353630656162393861663439326462383235
36643138656435636430363030323739653764636533396438356266333966323264646130616239
32656331316666643933613533643834613238653563383630343937633761643230616539306266
61633063343632353338653437363365666164663366613361313031653761353039323563623338
39306564353430343932313462343239393265393034626166386363623161356133613466636562
61626334326636396162333338386635636336653633616461323363353163663534383535386264
35383231393038656135313164313739313263663732626262393366333463386432346366393139
65626666353436656635316266643937313435323830346363343165626663306131313637383963
65653061653336396631623532376130376464323835616439313530306333663631656135383664
63366237643965656336346234386138633938313431336463393430366437343366346530336362
39396364303431646230343439303037303335623438643363306438376264646632393338623632
62373739313833316636383537333737333965626131623334373639313735613033646463396233
65333835643335616663653134333139653236613835636138323965633430316635323435623139
34356532336230653137656661303333333536613363383437396532643562396437336364303539
30366534666466643631653564616162303966386365336439363235613631613031613564653231
38376563623164306536373562656361363262373531333732316637323233613436343533666130
38303664633032363136356636336665643439636436363032636639353365643631336361313935
65646564356235663965306436666664306639373630653933653434653737303264613332373336
376238393166376564323561663432623961
